	Buyer_ID	Auction_ID
0	8	(239,)
1	171	(126,)
2	237	(83,)
3	98	(43,)
4	116	(102,)
5	34	(242,)
6	266	(11,)
7	268	(83,)
8	180	(126,)
9	3	(195,)
10	79	(203,)
11	205	(3,)
12	221	(78,)
13	201	(288,)
14	258	(62,)
15	48	(158,)
16	56	(125,)
17	183	(30,)
18	224	(94,)
19	277	(271,)
20	287	(228,)
21	161	(296,)
22	51	(163,)
23	47	(8,)
24	228	(132,)
25	31	(94,)
26	39	(171,)
27	31	(227,)
28	240	(59,)
29	179	(159,)
30	287	(263,)
31	141	(37,)
32	212	(21,)
33	127	(201,)
34	274	(68,)
35	157	(266,)
36	269	(72,)
37	205	(300,)
38	176	(12,)
39	140	(62,)
40	172	(25,)
41	301	(35,)
42	107	(98,)
43	217	(241,)
44	182	(43,)
45	285	(43,)
46	143	(299,)
47	219	(181,)
48	29	(22,)
49	8	(169,)
50	155	(286,)
51	176	(152,)
52	272	(289,)
53	15	(299,)
54	266	(21,)
55	134	(216,)
56	198	(39,)
57	113	(153,)
58	131	(185,)
59	178	(80,)
60	225	(163,)
61	258	(24,)
62	133	(172,)
63	87	(238,)
64	64	(284,)
65	149	(137,)
66	157	(271,)
67	10	(113,)
68	61	(288,)
69	88	(254,)
70	213	(117,)
71	220	(279,)
72	1	(76,)
73	88	(262,)
74	148	(1,)
75	219	(3,)
76	130	(198,)
77	70	(129,)
78	239	(152,)
79	8	(138,)
80	192	(165,)
81	224	(174,)
82	35	(69,)
83	144	(216,)
84	13	(285,)
85	48	(296,)
86	262	(161,)
87	28	(146,)
88	136	(194,)
89	207	(280,)
90	66	(163,)
91	190	(14,)
92	45	(282,)
93	187	(172,)
94	182	(169,)
95	162	(166,)
96	135	(174,)
97	176	(175,)
98	208	(252,)
99	137	(77,)
100	136	(41,)
101	200	(193,)
102	4	(245,)
103	123	(78,)
104	287	(16,)
105	170	(20,)
106	22	(118,)
107	271	(132,)
108	27	(178,)
109	143	(57,)
110	157	(44,)
111	87	(69,)
112	18	(157,)
113	3	(86,)
114	177	(128,)
115	113	(255,)
116	128	(231,)
117	207	(192,)
118	114	(184,)
119	223	(55,)
120	100	(57,)
121	184	(13,)
122	295	(17,)
123	231	(176,)
124	221	(161,)
125	90	(183,)
126	18	(258,)
127	97	(94,)
128	149	(161,)
129	91	(31,)
130	170	(247,)
131	125	(182,)
132	200	(125,)
133	166	(160,)
134	224	(39,)
135	270	(235,)
136	221	(304,)
137	233	(217,)
138	196	(3,)
139	206	(251,)
140	6	(22,)
141	301	(100,)
142	292	(125,)
143	168	(77,)
144	135	(295,)
145	70	(284,)
146	292	(227,)
147	149	(203,)
148	38	(231,)
149	91	(56,)
150	295	(304,)
151	178	(8,)
152	99	(302,)
153	253	(50,)
154	115	(175,)
155	141	(251,)
156	288	(128,)
157	23	(287,)
158	240	(127,)
159	214	(91,)
160	13	(204,)
161	184	(128,)
162	206	(118,)
163	57	(92,)
164	24	(263,)
165	248	(12,)
166	112	(185,)
167	275	(22,)
168	72	(88,)
169	13	(177,)
170	217	(262,)
171	142	(299,)
172	142	(42,)
173	186	(170,)
174	132	(177,)
175	206	(126,)
176	278	(225,)
177	8	(83,)
178	250	(141,)
179	21	(212,)
180	162	(188,)
181	18	(68,)
182	33	(136,)
183	262	(55,)
184	220	(42,)
185	249	(11,)
186	230	(126,)
187	219	(34,)
188	177	(297,)
189	196	(37,)
190	142	(90,)
191	226	(234,)
192	92	(288,)
193	236	(26,)
194	213	(162,)
195	136	(30,)
196	34	(190,)
197	181	(251,)
198	222	(257,)
199	4	(29,)
200	228	(195,)
201	24	(229,)
203	168	(199,)
204	219	(148,)
205	218	(283,)
206	283	(17,)
207	48	(21,)
208	165	(125,)
209	219	(152,)
210	184	(240,)
211	65	(168,)
212	230	(235,)
213	80	(208,)
214	89	(157,)
215	253	(56,)
216	182	(275,)
217	24	(243,)
218	33	(255,)
219	105	(123,)
220	53	(158,)
221	290	(135,)
222	156	(235,)
223	239	(160,)
224	232	(51,)
225	168	(221,)
226	52	(110,)
227	103	(134,)
228	97	(185,)
229	158	(92,)
230	288	(206,)
231	77	(1,)
232	91	(229,)
233	16	(283,)
234	215	(181,)
235	134	(139,)
236	118	(260,)
237	99	(83,)
238	106	(6,)
239	11	(42,)
240	19	(77,)
241	197	(247,)
242	112	(285,)
243	112	(34,)
244	21	(132,)
245	41	(134,)
246	8	(194,)
247	299	(133,)
248	245	(99,)
249	2	(138,)
250	32	(81,)
251	285	(116,)
252	76	(174,)
253	272	(237,)
254	251	(35,)
255	230	(96,)
256	10	(257,)
257	266	(222,)
258	103	(263,)
259	107	(75,)
260	260	(101,)
261	199	(121,)
262	152	(201,)
263	23	(197,)
264	124	(23,)
265	8	(257,)
266	206	(72,)
267	106	(226,)
268	140	(64,)
269	205	(289,)
270	128	(296,)
271	291	(220,)
272	255	(177,)
273	277	(71,)
274	1	(124,)
275	241	(94,)
276	154	(194,)
277	52	(126,)
278	21	(100,)
279	100	(147,)
280	89	(147,)
281	232	(138,)
282	295	(197,)
283	5	(53,)
284	161	(83,)
285	146	(266,)
286	225	(193,)
287	24	(300,)
288	263	(152,)
289	281	(211,)
290	43	(173,)
291	16	(278,)
292	59	(160,)
293	145	(161,)
294	282	(148,)
295	195	(212,)
296	201	(232,)
297	151	(228,)
298	160	(91,)
299	204	(57,)
300	137	(143,)
301	83	(76,)
302	37	(247,)
303	163	(104,)
304	123	(95,)
305	92	(114,)
306	276	(116,)
307	255	(152,)
308	42	(187,)
309	229	(294,)
310	138	(295,)
311	41	(278,)
312	41	(288,)
313	273	(87,)
314	256	(4,)
315	265	(83,)
316	50	(213,)
317	201	(241,)
318	300	(186,)
319	249	(295,)
320	245	(54,)
321	117	(9,)
322	93	(103,)
323	33	(60,)
324	29	(296,)
325	207	(158,)
326	125	(159,)
327	161	(238,)
328	18	(62,)
329	253	(172,)
330	162	(140,)
331	284	(259,)
332	57	(114,)
333	69	(195,)
334	125	(53,)
335	72	(156,)
336	244	(63,)
337	199	(77,)
338	245	(182,)
339	8	(230,)
340	155	(158,)
341	102	(260,)
342	285	(149,)
343	171	(294,)
344	216	(118,)
345	201	(249,)
346	8	(215,)
347	157	(179,)
348	100	(109,)
349	159	(23,)
350	248	(164,)
351	207	(28,)
352	301	(116,)
353	232	(128,)
354	262	(277,)
355	124	(252,)
356	222	(11,)
357	141	(227,)
358	4	(265,)
359	76	(159,)
360	38	(278,)
361	63	(11,)
362	164	(7,)
363	282	(85,)
364	282	(296,)
365	61	(118,)
366	118	(304,)
367	77	(241,)
368	40	(248,)
369	227	(137,)
370	192	(67,)
371	119	(233,)
372	225	(53,)
373	292	(215,)
374	93	(91,)
375	213	(41,)
376	9	(65,)
377	232	(102,)
378	134	(29,)
379	256	(100,)
380	123	(63,)
381	171	(89,)
382	180	(117,)
383	241	(305,)
384	10	(228,)
385	182	(221,)
386	38	(271,)
387	156	(74,)
388	67	(128,)
389	6	(46,)
390	80	(62,)
391	272	(63,)
392	123	(81,)
393	157	(99,)
394	274	(283,)
395	157	(25,)
396	24	(238,)
398	110	(89,)
399	243	(70,)
400	76	(81,)
401	56	(76,)
402	277	(97,)
403	167	(169,)
404	182	(178,)
405	241	(191,)
406	68	(33,)
407	74	(74,)
408	152	(271,)
409	283	(229,)
410	28	(291,)
411	180	(147,)
412	97	(131,)
413	107	(225,)
414	186	(61,)
415	81	(169,)
416	250	(61,)
417	250	(304,)
418	288	(257,)
419	297	(221,)
420	36	(279,)
421	256	(186,)
422	294	(279,)
423	270	(101,)
424	158	(206,)
425	179	(274,)
426	233	(15,)
427	221	(26,)
428	41	(37,)
429	145	(100,)
430	135	(103,)
431	71	(38,)
432	207	(101,)
433	235	(106,)
434	271	(199,)
435	275	(179,)
436	74	(31,)
437	23	(249,)
438	251	(109,)
439	171	(304,)
440	290	(16,)
441	22	(219,)
442	219	(253,)
443	290	(146,)
444	4	(26,)
445	259	(177,)
446	51	(237,)
447	245	(212,)
448	215	(163,)
449	17	(109,)
450	1	(48,)
451	224	(169,)
452	266	(228,)
453	30	(175,)
454	273	(171,)
455	54	(259,)
456	185	(42,)
457	239	(70,)
458	145	(160,)
459	229	(221,)
460	9	(194,)
461	98	(93,)
463	111	(180,)
464	95	(283,)
465	248	(78,)
466	276	(97,)
467	160	(223,)
468	13	(299,)
469	24	(94,)
470	251	(98,)
471	226	(49,)
472	136	(56,)
473	155	(180,)
474	16	(288,)
475	85	(280,)
476	90	(75,)
477	301	(186,)
478	189	(286,)
479	200	(210,)
480	84	(21,)
481	114	(238,)
482	149	(211,)
483	34	(185,)
484	204	(160,)
485	285	(128,)
486	62	(256,)
487	191	(172,)
488	248	(195,)
489	255	(285,)
490	278	(269,)
491	153	(190,)
492	171	(20,)
493	176	(39,)
494	110	(212,)
495	214	(58,)
496	1	(23,)
497	11	(120,)
498	229	(244,)
499	148	(219,)
500	98	(283,)
501	187	(22,)
502	3	(288,)
503	58	(195,)
504	110	(277,)
505	121	(220,)
506	192	(305,)
507	131	(288,)
508	230	(303,)
509	183	(254,)
510	66	(191,)
511	295	(126,)
512	212	(183,)
513	132	(281,)
514	147	(143,)
515	154	(72,)
516	55	(248,)
517	1	(18,)
518	85	(266,)
519	55	(2,)
520	62	(218,)
521	27	(149,)
522	69	(208,)
523	124	(151,)
524	115	(33,)
525	202	(98,)
526	75	(235,)
527	42	(118,)
528	230	(193,)
529	277	(255,)
530	299	(279,)
531	36	(118,)
532	294	(21,)
533	288	(204,)
534	200	(159,)
535	172	(45,)
536	167	(12,)
537	192	(53,)
538	105	(95,)
539	109	(63,)
540	71	(222,)
541	24	(197,)
542	186	(182,)
543	16	(62,)
544	186	(142,)
545	275	(133,)
546	127	(191,)
547	283	(224,)
548	246	(24,)
549	157	(235,)
550	286	(71,)
551	129	(49,)
552	77	(134,)
553	105	(211,)
554	202	(253,)
555	6	(95,)
556	162	(132,)
557	230	(234,)
558	105	(194,)
559	268	(210,)
560	93	(275,)
561	52	(261,)
562	25	(303,)
563	177	(264,)
564	179	(217,)
565	279	(109,)
566	161	(258,)
567	210	(68,)
568	76	(9,)
569	274	(131,)
570	271	(32,)
571	34	(41,)
572	16	(286,)
573	57	(10,)
574	296	(191,)
575	279	(296,)
576	160	(187,)
577	176	(139,)
578	291	(15,)
579	297	(95,)
580	87	(54,)
581	226	(23,)
582	70	(226,)
583	147	(181,)
584	58	(120,)
585	277	(248,)
586	150	(11,)
587	284	(86,)
588	201	(191,)
589	76	(200,)
590	295	(61,)
591	26	(200,)
592	71	(133,)
593	165	(242,)
594	162	(215,)
595	140	(266,)
596	189	(243,)
597	35	(122,)
598	169	(2,)
599	197	(190,)
600	215	(70,)
601	131	(68,)
602	206	(62,)
603	59	(228,)
604	207	(83,)
605	230	(197,)
606	119	(157,)
607	77	(275,)
608	288	(188,)
609	203	(29,)
610	203	(194,)
611	62	(175,)
612	228	(105,)
613	83	(213,)
614	271	(183,)
615	38	(240,)
616	150	(255,)
617	149	(113,)
618	275	(125,)
619	81	(92,)
620	71	(21,)
621	121	(92,)
622	268	(2,)
623	201	(126,)
624	69	(250,)
625	135	(8,)
626	278	(41,)
627	101	(287,)
628	153	(225,)
629	297	(61,)
630	70	(163,)
631	243	(191,)
632	270	(207,)
633	21	(165,)
634	9	(285,)
635	40	(112,)
636	193	(18,)
637	284	(161,)
638	25	(17,)
639	16	(147,)
640	156	(199,)
641	36	(192,)
642	7	(74,)
643	249	(17,)
644	226	(199,)
645	278	(211,)
646	110	(194,)
647	209	(244,)
648	31	(212,)
649	97	(205,)
650	78	(114,)
651	150	(293,)
652	33	(44,)
653	299	(233,)
654	147	(86,)
655	178	(109,)
656	115	(238,)
657	132	(247,)
658	293	(49,)
659	158	(118,)
660	71	(249,)
661	70	(295,)
662	216	(119,)
663	259	(271,)
664	246	(9,)
665	274	(298,)
666	218	(248,)
667	210	(33,)
668	67	(234,)
669	15	(14,)
670	65	(201,)
671	7	(253,)
672	2	(176,)
673	218	(300,)
674	253	(101,)
675	261	(120,)
676	175	(120,)
677	14	(191,)
678	20	(57,)
679	167	(111,)
680	301	(198,)
681	227	(298,)
682	113	(13,)
683	226	(156,)
684	282	(72,)
685	220	(209,)
686	284	(213,)
687	103	(70,)
688	108	(87,)
689	63	(21,)
690	294	(274,)
691	7	(222,)
692	24	(221,)
693	227	(132,)
694	194	(291,)
695	132	(193,)
696	194	(254,)
697	60	(269,)
698	3	(223,)
699	103	(75,)
700	43	(94,)
701	40	(132,)
702	172	(280,)
703	281	(274,)
704	53	(302,)
705	84	(279,)
706	14	(35,)
707	198	(143,)
708	260	(245,)
709	183	(90,)
710	181	(68,)
711	131	(213,)
712	196	(293,)
713	21	(6,)
714	198	(74,)
715	32	(207,)
716	113	(279,)
717	28	(85,)
718	150	(218,)
719	97	(73,)
720	74	(201,)
721	61	(12,)
722	214	(215,)
723	268	(54,)
724	1	(287,)
725	101	(34,)
726	272	(107,)
727	15	(21,)
728	3	(259,)
729	176	(260,)
730	107	(239,)
731	146	(65,)
732	134	(215,)
733	5	(5,)
734	10	(253,)
735	90	(10,)
736	74	(60,)
737	161	(228,)
738	23	(55,)
739	287	(95,)
740	284	(212,)
741	289	(87,)
742	233	(32,)
743	85	(204,)
744	83	(190,)
745	65	(104,)
746	277	(123,)
747	230	(55,)
748	179	(19,)
749	10	(43,)
750	65	(31,)
751	264	(37,)
752	3	(264,)
753	56	(202,)
754	5	(4,)
755	73	(271,)
756	272	(69,)
757	35	(123,)
758	160	(185,)
759	247	(173,)
760	215	(186,)
761	100	(189,)
762	255	(179,)
763	164	(283,)
764	3	(179,)
765	211	(185,)
766	53	(39,)
767	33	(166,)
768	257	(116,)
769	10	(104,)
770	129	(267,)
771	103	(172,)
772	7	(51,)
773	57	(209,)
774	264	(272,)
775	195	(122,)
776	87	(178,)
777	152	(245,)
778	77	(204,)
779	40	(167,)
780	14	(136,)
781	92	(198,)
782	224	(73,)
783	18	(29,)
784	201	(295,)
785	295	(60,)
786	244	(121,)
787	145	(246,)
788	249	(45,)
790	35	(255,)
791	277	(241,)
792	71	(235,)
793	22	(243,)
794	83	(203,)
795	36	(134,)
796	149	(208,)
797	20	(125,)
798	172	(23,)
799	139	(220,)
800	87	(91,)
801	187	(256,)
802	237	(292,)
803	4	(133,)
804	83	(304,)
805	127	(261,)
806	31	(202,)
807	59	(294,)
808	244	(272,)
809	177	(22,)
810	181	(90,)
811	177	(143,)
812	20	(130,)
813	74	(188,)
814	209	(161,)
815	129	(253,)
816	70	(201,)
817	218	(224,)
818	68	(289,)
819	89	(77,)
820	236	(161,)
821	273	(98,)
822	50	(232,)
823	59	(81,)
824	75	(139,)
825	139	(136,)
826	109	(7,)
827	177	(20,)
828	136	(25,)
829	168	(212,)
830	19	(144,)
831	184	(65,)
832	196	(278,)
833	20	(276,)
834	87	(198,)
835	235	(3,)
836	21	(282,)
837	204	(36,)
838	200	(127,)
839	269	(95,)
840	84	(233,)
841	290	(269,)
842	298	(196,)
843	96	(102,)
844	91	(168,)
845	282	(49,)
846	200	(79,)
847	287	(271,)
848	130	(131,)
849	11	(287,)
850	130	(149,)
851	99	(259,)
852	281	(281,)
853	60	(142,)
854	229	(64,)
855	30	(68,)
856	164	(178,)
857	86	(58,)
858	210	(215,)
859	66	(231,)
860	278	(98,)
861	31	(62,)
862	154	(73,)
863	199	(287,)
864	82	(84,)
865	206	(154,)
866	34	(250,)
867	188	(23,)
868	170	(10,)
869	114	(65,)
870	286	(250,)
871	73	(59,)
872	60	(125,)
873	48	(194,)
874	231	(70,)
875	145	(208,)
876	118	(139,)
877	105	(70,)
878	131	(204,)
879	256	(256,)
880	204	(217,)
881	267	(217,)
882	83	(212,)
883	148	(145,)
884	14	(283,)
885	285	(270,)
886	88	(22,)
887	238	(73,)
888	173	(181,)
889	137	(89,)
890	146	(300,)
891	49	(177,)
892	64	(75,)
893	300	(183,)
894	203	(4,)
895	241	(303,)
896	1	(279,)
898	21	(3,)
899	146	(102,)
900	187	(131,)
901	36	(49,)
902	153	(135,)
903	288	(76,)
904	247	(71,)
905	180	(231,)
906	221	(97,)
907	250	(100,)
908	204	(120,)
909	280	(153,)
910	177	(124,)
911	294	(285,)
912	296	(95,)
913	41	(209,)
914	277	(216,)
915	7	(140,)
916	3	(73,)
917	170	(91,)
918	207	(181,)
919	272	(66,)
920	36	(300,)
921	41	(67,)
922	242	(188,)
923	119	(251,)
924	35	(223,)
925	44	(136,)
926	281	(267,)
927	74	(40,)
928	199	(27,)
929	286	(47,)
930	164	(97,)
931	260	(94,)
933	147	(149,)
934	183	(287,)
935	82	(20,)
936	10	(194,)
937	89	(40,)
938	21	(59,)
939	43	(73,)
940	54	(140,)
941	156	(125,)
942	215	(22,)
943	258	(138,)
944	1	(25,)
945	185	(16,)
946	66	(85,)
947	6	(34,)
948	61	(205,)
949	8	(106,)
950	56	(240,)
951	23	(245,)
952	177	(214,)
953	235	(177,)
954	80	(110,)
955	63	(250,)
956	69	(77,)
957	213	(264,)
958	16	(284,)
959	183	(28,)
960	168	(153,)
961	163	(158,)
962	77	(272,)
963	30	(35,)
964	120	(64,)
965	134	(96,)
966	181	(215,)
967	155	(134,)
968	115	(131,)
969	72	(200,)
970	162	(243,)
971	2	(169,)
972	220	(189,)
973	111	(161,)
974	155	(260,)
975	264	(125,)
976	117	(220,)
977	132	(213,)
978	70	(233,)
979	21	(205,)
980	99	(113,)
981	107	(140,)
982	158	(198,)
983	159	(192,)
984	202	(49,)
985	247	(284,)
986	40	(95,)
987	193	(62,)
988	188	(140,)
989	151	(3,)
990	5	(273,)
991	32	(188,)
992	199	(81,)
993	275	(134,)
994	142	(302,)
995	50	(118,)
996	195	(58,)
997	287	(125,)
998	136	(236,)
999	177	(187,)
1000	34	(237,)
1001	105	(238,)
1002	132	(140,)
1003	109	(301,)
1004	19	(195,)
1005	220	(101,)
1006	49	(233,)
1007	103	(191,)
1008	134	(59,)
1009	243	(217,)
1010	178	(221,)
1011	56	(177,)
1012	229	(63,)
1013	229	(209,)
1014	165	(298,)
1015	223	(300,)
1016	33	(28,)
1017	70	(60,)
1018	45	(285,)
1019	101	(141,)
1020	89	(83,)
1021	291	(93,)
1022	24	(178,)
1023	268	(287,)
1024	290	(203,)
1025	110	(60,)
1026	178	(62,)
1027	255	(137,)
1028	125	(1,)
1029	104	(197,)
1030	126	(183,)
1031	6	(153,)
1032	43	(291,)
1033	137	(49,)
1034	149	(103,)
1035	181	(65,)
1036	221	(99,)
1037	291	(303,)
1038	267	(82,)
1039	258	(10,)
1040	281	(85,)
1041	29	(154,)
1042	247	(227,)
1043	248	(203,)
1044	261	(280,)
1045	89	(255,)
1046	254	(203,)
1047	53	(107,)
1048	176	(305,)
1049	95	(132,)
1050	57	(131,)
1051	209	(191,)
1052	3	(291,)
1053	242	(67,)
1054	147	(22,)
1055	282	(297,)
1056	271	(242,)
1057	198	(283,)
1058	289	(70,)
1059	257	(176,)
1060	203	(33,)
1061	237	(12,)
1062	206	(258,)
1063	267	(205,)
1064	27	(305,)
1065	131	(1,)
1066	71	(243,)
1067	263	(236,)
1068	32	(264,)
1069	277	(218,)
1070	140	(297,)
1071	119	(8,)
1072	150	(112,)
1073	277	(34,)
1074	259	(219,)
1075	29	(233,)
1076	200	(137,)
1078	190	(38,)
1079	15	(195,)
1080	106	(291,)
1081	299	(251,)
1082	162	(51,)
1083	209	(19,)
1084	153	(31,)
1085	262	(58,)
1086	188	(51,)
1087	186	(145,)
1088	268	(261,)
1089	127	(2,)
1090	52	(250,)
1091	130	(250,)
1092	235	(237,)
1093	124	(167,)
1094	140	(50,)
1095	48	(98,)
1096	220	(169,)
1097	300	(1,)
1098	247	(197,)
1099	260	(109,)
1100	29	(14,)
1101	157	(50,)
1102	177	(11,)
1103	140	(189,)
1104	22	(81,)
1106	273	(173,)
1107	77	(260,)
1108	247	(212,)
1109	252	(287,)
1110	120	(95,)
1111	4	(215,)
1112	285	(17,)
1113	27	(296,)
1114	130	(148,)
1115	57	(203,)
1116	90	(195,)
1117	218	(111,)
1118	280	(81,)
1119	126	(197,)
1120	238	(165,)
1121	258	(261,)
1122	277	(188,)
1123	207	(115,)
1124	176	(146,)
1125	75	(60,)
1126	33	(298,)
1127	207	(273,)
1128	284	(149,)
1129	7	(8,)
1130	288	(293,)
1131	90	(208,)
1132	68	(305,)
1133	115	(211,)
1134	39	(299,)
1135	109	(84,)
1136	262	(115,)
1137	80	(169,)
1138	83	(162,)
1139	235	(136,)
1140	143	(144,)
1141	58	(110,)
1142	48	(88,)
1143	16	(209,)
1144	259	(174,)
1145	188	(240,)
1146	29	(69,)
1147	240	(49,)
1148	125	(104,)
1149	257	(141,)
1150	18	(291,)
1151	255	(138,)
1152	263	(164,)
1153	72	(82,)
1154	269	(228,)
1155	175	(195,)
1156	197	(267,)
1157	223	(161,)
1158	204	(95,)
1159	185	(244,)
1160	27	(168,)
1161	296	(38,)
1162	175	(284,)
1163	38	(254,)
1164	219	(59,)
1165	265	(136,)
1166	150	(20,)
1167	282	(243,)
1168	22	(86,)
1169	168	(69,)
1170	10	(55,)
1171	16	(180,)
1172	2	(220,)
1173	33	(304,)
1174	126	(216,)
1176	75	(254,)
1177	205	(115,)
1178	207	(121,)
1179	90	(155,)
1180	247	(240,)
1181	30	(62,)
1182	253	(108,)
1183	121	(86,)
1184	274	(67,)
1185	84	(29,)
1186	210	(225,)
1187	222	(261,)
1188	57	(18,)
1190	68	(224,)
1191	33	(19,)
1192	39	(41,)
1193	140	(19,)
1194	126	(49,)
1195	177	(85,)
1196	289	(152,)
1197	9	(40,)
1198	122	(34,)
1199	150	(115,)
1200	76	(45,)
1201	219	(112,)
1202	195	(222,)
1203	35	(48,)
1204	127	(166,)
1205	151	(168,)
1206	235	(271,)
1207	179	(171,)
1208	83	(41,)
1209	25	(120,)
1210	12	(105,)
1211	135	(64,)
1212	250	(14,)
1213	62	(171,)
1214	87	(151,)
1215	50	(17,)
1216	149	(118,)
1217	238	(186,)
1218	14	(143,)
1219	235	(89,)
1220	15	(151,)
1221	294	(46,)
1222	171	(85,)
1223	48	(141,)
1224	209	(109,)
1225	169	(54,)
1226	291	(1,)
1227	67	(126,)
1228	289	(293,)
1229	30	(298,)
1230	36	(87,)
1231	153	(65,)
1232	77	(107,)
1233	18	(223,)
1234	18	(23,)
1235	223	(98,)
1236	131	(122,)
1237	88	(241,)
1238	80	(28,)
1239	88	(136,)
1240	20	(152,)
1241	39	(176,)
1242	5	(57,)
1243	117	(228,)
1244	143	(137,)
1245	14	(121,)
1246	144	(98,)
1247	276	(150,)
1248	266	(203,)
1249	238	(124,)
1250	261	(305,)
1251	294	(219,)
1252	95	(250,)
1253	114	(226,)
1254	114	(214,)
1255	234	(117,)
1256	154	(22,)
1257	160	(222,)
1258	223	(259,)
1259	173	(283,)
1260	301	(211,)
1261	211	(284,)
1262	119	(37,)
1263	43	(147,)
1264	107	(184,)
1265	225	(181,)
1266	301	(274,)
1267	30	(83,)
1268	202	(52,)
1269	209	(127,)
1270	119	(259,)
1271	301	(219,)
1272	207	(161,)
1273	157	(197,)
1274	286	(16,)
1275	295	(222,)
1276	228	(289,)
1277	71	(229,)
1278	56	(265,)
1279	191	(247,)
1280	95	(195,)
1281	7	(298,)
1282	154	(51,)
1283	250	(73,)
1284	66	(121,)
1285	86	(194,)
1286	280	(189,)
1287	207	(70,)
1288	235	(104,)
1289	278	(79,)
1290	246	(164,)
1291	38	(65,)
1292	282	(76,)
1293	211	(47,)
1294	293	(296,)
1295	211	(75,)
1296	252	(12,)
1297	1	(189,)
1298	244	(149,)
1299	284	(62,)
1300	159	(188,)
1301	225	(153,)
1302	302	(122,)
1303	232	(165,)
1304	184	(169,)
1305	13	(212,)
1306	227	(40,)
1307	228	(244,)
1308	169	(200,)
1309	185	(191,)
1310	238	(145,)
1311	133	(84,)
1312	118	(85,)
1313	190	(256,)
1314	18	(177,)
1315	229	(256,)
1316	21	(96,)
1317	280	(30,)
1318	132	(110,)
1319	105	(108,)
1320	182	(82,)
1321	238	(27,)
1322	81	(260,)
1323	101	(148,)
1324	223	(89,)
1325	258	(198,)
1326	210	(74,)
1327	290	(171,)
1328	210	(286,)
1329	236	(160,)
1330	279	(302,)
1331	287	(209,)
1332	146	(127,)
1333	57	(113,)
1334	282	(238,)
1335	135	(304,)
1336	14	(182,)
1337	263	(182,)
1338	148	(280,)
1339	213	(120,)
1340	213	(141,)
1341	109	(159,)
1342	106	(108,)
1343	237	(190,)
1344	227	(39,)
1345	30	(272,)
1346	147	(235,)
1347	2	(109,)
1348	51	(208,)
1349	91	(148,)
1350	42	(138,)
1351	34	(133,)
1352	51	(168,)
1353	210	(224,)
1354	287	(10,)
1355	36	(2,)
1356	220	(124,)
1357	262	(53,)
1358	104	(252,)
1359	63	(27,)
1360	119	(146,)
1361	100	(244,)
1362	243	(149,)
1363	79	(65,)
1364	229	(144,)
1365	13	(109,)
1366	156	(110,)
1367	246	(196,)
1368	185	(113,)
1369	215	(111,)
1370	209	(162,)
1371	41	(88,)
1372	98	(195,)
1373	257	(139,)
1374	62	(106,)
1375	36	(107,)
1376	214	(121,)
1377	2	(151,)
1378	121	(268,)
1379	166	(181,)
1380	237	(284,)
1381	187	(149,)
1382	31	(69,)
1383	143	(73,)
1384	33	(46,)
1385	267	(53,)
1386	83	(25,)
1387	36	(220,)
1388	21	(28,)
1389	184	(132,)
1390	209	(210,)
1391	275	(108,)
1392	18	(101,)
1393	188	(81,)
1394	91	(287,)
1395	272	(112,)
1396	176	(219,)
1397	123	(64,)
1398	273	(100,)
1399	111	(166,)
1400	241	(293,)
1401	193	(148,)
1402	264	(274,)
1403	192	(287,)
1404	275	(286,)
1405	183	(240,)
1406	238	(226,)
1407	95	(78,)
1408	105	(258,)
1409	227	(106,)
1410	215	(126,)
1411	63	(211,)
1412	190	(269,)
1413	228	(46,)
1414	235	(29,)
1415	144	(264,)
1416	100	(97,)
1417	146	(27,)
1418	85	(124,)
1419	265	(197,)
1420	171	(220,)
1421	19	(173,)
1422	299	(201,)
1423	135	(54,)
1424	238	(13,)
1425	162	(93,)
1426	199	(45,)
1427	267	(197,)
1428	239	(122,)
1429	72	(71,)
1430	169	(150,)
1431	118	(292,)
1432	282	(111,)
1433	47	(113,)
1434	257	(143,)
1435	223	(233,)
1436	222	(31,)
1437	211	(206,)
1438	299	(234,)
1439	34	(116,)
1440	35	(166,)
1441	217	(66,)
1442	6	(204,)
1443	64	(5,)
1444	78	(218,)
1445	274	(111,)
1446	103	(28,)
1447	166	(254,)
1448	229	(203,)
1449	223	(123,)
1450	19	(161,)
1451	213	(128,)
1452	268	(235,)
1453	186	(92,)
1454	73	(236,)
1455	134	(239,)
1457	178	(200,)
1458	246	(56,)
1459	215	(68,)
1461	26	(268,)
1463	136	(80,)
1464	159	(67,)
1465	259	(25,)
1466	157	(139,)
1467	186	(35,)
1468	120	(143,)
1469	134	(185,)
1470	225	(239,)
1471	155	(26,)
1472	101	(76,)
1474	298	(71,)
1475	230	(288,)
1476	50	(70,)
1477	116	(154,)
1478	268	(117,)
1479	289	(78,)
1480	25	(82,)
1481	199	(245,)
1482	284	(157,)
1483	151	(161,)
1484	1	(234,)
1485	251	(8,)
1487	9	(26,)
1488	267	(83,)
1489	132	(34,)
1490	107	(220,)
1491	114	(168,)
1492	224	(269,)
1493	54	(289,)
1494	301	(127,)
1495	130	(156,)
1496	49	(121,)
1497	187	(174,)
1498	14	(254,)
1499	37	(184,)
1500	83	(303,)
1501	61	(47,)
1502	41	(7,)
1503	82	(185,)
1504	212	(97,)
1505	79	(52,)
1506	189	(63,)
1507	291	(98,)
1508	197	(128,)
1509	235	(209,)
1510	195	(252,)
1511	125	(127,)
1512	300	(230,)
1513	293	(286,)
1514	96	(264,)
1515	32	(118,)
1516	92	(111,)
1517	300	(79,)
1518	19	(68,)
1519	86	(221,)
1520	105	(232,)
1521	44	(30,)
1522	280	(166,)
1523	31	(287,)
1524	188	(221,)
1525	237	(273,)
1526	83	(119,)
1527	4	(257,)
1528	151	(69,)
1529	297	(137,)
1530	250	(289,)
1532	182	(263,)
1533	137	(294,)
1534	207	(188,)
1535	294	(157,)
1536	141	(177,)
1537	22	(269,)
1538	239	(20,)
1539	294	(17,)
1540	71	(79,)
1541	218	(289,)
1542	205	(122,)
1543	283	(43,)
1544	217	(113,)
1545	239	(32,)
1546	213	(251,)
1547	24	(102,)
1548	86	(10,)
1549	125	(265,)
1550	3	(5,)
1551	272	(86,)
1552	163	(58,)
1553	6	(67,)
1554	273	(304,)
1555	165	(8,)
1556	30	(113,)
1557	274	(121,)
1558	45	(274,)
1559	57	(14,)
1560	285	(57,)
1561	13	(126,)
1562	51	(182,)
1563	78	(63,)
1564	68	(95,)
1565	90	(238,)
1566	3	(156,)
1567	19	(191,)
1568	275	(297,)
1569	27	(227,)
1570	217	(245,)
1571	141	(12,)
1572	188	(117,)
1573	122	(247,)
1574	172	(267,)
1575	174	(293,)
1576	197	(107,)
1577	239	(157,)
1578	261	(80,)
1579	94	(135,)
1580	199	(147,)
1581	37	(302,)
1582	135	(155,)
1583	164	(256,)
1584	109	(73,)
1585	154	(216,)
1586	252	(49,)
1587	236	(281,)
1588	300	(118,)
1589	174	(95,)
1590	69	(281,)
1591	227	(81,)
1592	37	(122,)
1593	301	(10,)
1594	291	(121,)
1595	248	(304,)
1596	249	(201,)
1597	33	(207,)
1598	31	(121,)
1599	194	(191,)
1600	116	(89,)
1601	284	(14,)
1602	35	(237,)
1603	243	(85,)
1604	40	(202,)
1605	203	(43,)
1606	271	(48,)
1607	148	(234,)
1608	55	(145,)
1609	268	(112,)
1610	39	(31,)
1611	217	(264,)
1612	236	(151,)
1613	246	(273,)
1614	108	(37,)
1615	298	(3,)
1616	180	(290,)
1617	215	(244,)
1618	120	(283,)
1619	104	(218,)
1620	230	(174,)
1621	142	(9,)
1622	194	(252,)
1623	248	(254,)
1624	295	(123,)
1625	64	(231,)
1626	184	(63,)
1627	257	(201,)
1628	75	(52,)
1629	86	(172,)
1630	213	(93,)
1631	47	(51,)
1632	274	(30,)
1633	184	(281,)
1634	129	(74,)
1635	223	(49,)
1636	163	(135,)
1637	281	(8,)
1638	11	(111,)
1639	143	(176,)
1640	280	(282,)
1641	296	(150,)
1642	287	(87,)
1643	44	(35,)
1644	298	(272,)
1645	145	(151,)
1646	172	(27,)
1647	147	(36,)
1648	79	(259,)
1649	281	(249,)
1650	152	(3,)
1651	60	(266,)
1652	259	(231,)
1653	48	(127,)
1654	253	(113,)
1655	226	(171,)
1656	64	(243,)
1657	175	(125,)
1658	105	(154,)
1659	184	(208,)
1660	82	(107,)
1661	238	(70,)
1662	91	(32,)
1663	199	(73,)
1664	236	(204,)
1665	218	(92,)
1666	255	(269,)
1667	166	(9,)
1668	167	(274,)
1669	121	(46,)
1670	270	(276,)
1671	225	(121,)
1672	82	(172,)
1673	6	(37,)
1674	4	(162,)
1675	116	(212,)
1676	164	(172,)
1677	88	(103,)
1678	125	(209,)
1679	297	(189,)
1680	223	(31,)
1681	241	(256,)
1682	243	(214,)
1683	7	(71,)
1684	98	(50,)
1685	70	(109,)
1686	58	(285,)
1687	155	(43,)
1688	10	(75,)
1689	24	(237,)
1690	72	(12,)
1691	38	(72,)
1692	203	(93,)
1693	183	(221,)
1694	226	(72,)
1695	121	(79,)
1696	146	(53,)
1697	63	(192,)
1698	226	(243,)
1699	78	(53,)
1700	11	(271,)
1701	62	(263,)
1702	145	(258,)
1703	1	(70,)
1704	280	(134,)
1705	4	(40,)
1706	266	(224,)
1707	126	(10,)
1708	179	(182,)
1709	53	(98,)
1710	223	(187,)
1711	38	(55,)
1712	239	(99,)
1713	248	(244,)
1714	216	(124,)
1715	271	(105,)
1716	111	(172,)
1717	246	(61,)
1718	259	(94,)
1719	226	(224,)
1720	74	(99,)
1721	238	(121,)
1722	133	(305,)
1723	95	(113,)
1724	147	(255,)
1725	87	(288,)
1726	66	(166,)
1727	54	(213,)
1728	178	(123,)
1729	126	(279,)
1730	65	(200,)
1731	222	(174,)
1732	255	(268,)
1733	244	(36,)
1734	274	(21,)
1735	152	(87,)
1736	70	(85,)
1737	109	(138,)
1738	234	(288,)
1739	229	(130,)
1740	197	(249,)
1741	164	(272,)
1742	248	(292,)
1743	189	(187,)
1744	163	(276,)
1745	184	(92,)
1746	222	(183,)
1747	13	(238,)
1748	244	(154,)
1749	178	(10,)
1750	60	(143,)
1751	206	(223,)
1753	119	(127,)
1754	200	(220,)
1755	32	(254,)
1756	259	(287,)
1757	80	(251,)
1758	219	(130,)
1759	117	(139,)
1760	33	(251,)
1761	231	(78,)
1762	170	(86,)
1763	271	(257,)
1764	235	(123,)
1765	237	(161,)
1766	152	(151,)
1767	62	(203,)
1768	54	(17,)
1769	244	(156,)
1770	290	(138,)
1771	169	(88,)
1772	179	(260,)
1773	211	(38,)
1774	276	(18,)
1775	146	(257,)
1776	60	(232,)
1777	242	(13,)
1778	284	(191,)
1779	32	(4,)
1780	125	(40,)
1781	262	(168,)
1782	142	(62,)
1783	55	(33,)
1784	255	(20,)
1785	139	(129,)
1786	44	(37,)
1787	42	(272,)
1788	81	(228,)
1789	126	(174,)
1790	210	(172,)
1791	256	(217,)
1792	108	(45,)
1793	109	(106,)
1794	109	(145,)
1795	272	(30,)
1796	21	(214,)
1797	249	(282,)
1798	246	(241,)
1799	293	(217,)
1800	146	(238,)
1801	166	(174,)
1802	241	(99,)
1803	91	(174,)
1804	151	(119,)
1805	117	(174,)
1806	128	(30,)
1807	74	(36,)
1808	61	(37,)
1809	247	(232,)
1810	43	(17,)
1811	285	(110,)
1812	56	(250,)
1813	212	(169,)
1814	148	(55,)
1815	230	(108,)
1816	226	(228,)
1817	246	(215,)
1818	141	(45,)
1819	82	(231,)
1820	79	(143,)
1821	97	(108,)
1822	127	(113,)
1823	17	(94,)
1824	101	(304,)
1825	55	(75,)
1826	84	(158,)
1827	276	(168,)
1828	260	(200,)
1829	234	(140,)
1830	45	(292,)
1831	103	(166,)
1832	219	(126,)
1833	104	(296,)
1834	50	(31,)
1835	162	(117,)
1836	75	(302,)
1837	285	(236,)
1838	59	(297,)
1839	159	(99,)
1840	233	(225,)
1841	31	(138,)
1842	231	(249,)
1843	64	(70,)
1844	225	(108,)
1845	120	(76,)
1846	81	(200,)
1847	30	(193,)
1848	136	(39,)
1849	68	(195,)
1850	53	(212,)
1851	81	(263,)
1852	258	(34,)
1853	62	(27,)
1854	58	(125,)
1855	183	(289,)
1856	191	(204,)
1857	108	(141,)
1858	82	(129,)
1859	205	(83,)
1860	109	(287,)
1861	282	(166,)
1862	249	(52,)
1863	241	(257,)
1864	158	(31,)
1865	300	(35,)
1866	144	(97,)
1867	60	(64,)
1868	264	(162,)
1869	184	(212,)
1871	289	(58,)
1872	227	(279,)
1873	79	(246,)
1874	29	(121,)
1875	131	(37,)
1876	81	(252,)
1877	272	(269,)
1878	9	(206,)
1879	156	(193,)
1880	247	(220,)
1881	287	(274,)
1882	154	(208,)
1883	76	(105,)
1885	35	(109,)
1886	129	(226,)
1887	153	(139,)
1888	247	(186,)
1889	161	(231,)
1890	270	(8,)
1891	71	(251,)
1892	8	(141,)
1893	42	(35,)
1894	215	(201,)
1895	82	(93,)
1896	140	(72,)
1897	42	(137,)
1898	245	(242,)
1899	133	(10,)
1900	108	(78,)
1901	89	(63,)
1902	185	(27,)
1903	66	(290,)
1904	278	(83,)
1905	260	(243,)
1906	74	(132,)
1907	63	(281,)
1908	46	(291,)
1909	176	(267,)
1910	73	(297,)
1912	197	(176,)
1913	77	(303,)
1914	164	(58,)
1915	113	(33,)
1916	46	(97,)
1917	91	(44,)
1918	96	(9,)
1919	2	(2,)
1920	88	(80,)
1921	171	(185,)
1922	55	(123,)
1923	62	(115,)
1924	289	(142,)
1925	186	(60,)
1926	125	(201,)
1927	177	(72,)
1928	132	(9,)
1929	201	(159,)
1930	68	(186,)
1931	22	(130,)
1932	65	(211,)
1933	274	(233,)
1934	267	(109,)
1935	90	(49,)
1936	96	(304,)
1937	163	(256,)
1938	99	(111,)
1939	257	(20,)
1940	164	(59,)
1941	288	(29,)
1942	202	(182,)
1943	103	(115,)
1945	32	(189,)
1946	187	(270,)
1947	183	(47,)
1948	290	(294,)
1949	105	(88,)
1950	262	(42,)
1951	88	(65,)
1952	121	(133,)
1953	170	(267,)
1954	84	(174,)
1955	208	(170,)
1956	4	(263,)
1957	152	(204,)
1958	125	(99,)
1959	136	(60,)
1960	277	(47,)
1961	100	(298,)
1962	275	(50,)
1963	10	(267,)
1964	80	(74,)
1965	81	(157,)
1966	120	(38,)
1967	146	(58,)
1968	271	(64,)
1969	290	(53,)
1970	112	(3,)
1971	59	(31,)
1972	232	(109,)
1973	19	(91,)
1974	174	(36,)
1975	280	(55,)
1976	269	(66,)
1977	225	(216,)
1978	213	(25,)
1979	143	(151,)
1980	131	(280,)
1981	148	(294,)
1982	51	(100,)
1983	73	(288,)
1984	268	(183,)
1985	178	(18,)
1986	267	(89,)
1987	164	(179,)
1988	62	(265,)
1989	162	(3,)
1990	42	(101,)
1991	122	(43,)
1992	111	(244,)
1993	126	(258,)
1994	174	(192,)
1995	52	(13,)
1996	81	(120,)
1997	135	(78,)
1998	214	(81,)
1999	203	(149,)
2000	131	(217,)
2001	223	(67,)
2002	9	(126,)
2003	202	(239,)
2004	133	(260,)
2005	71	(24,)
2006	222	(53,)
2007	174	(254,)
2008	19	(244,)
2009	15	(218,)
2010	87	(199,)
2011	30	(239,)
2012	3	(160,)
2013	267	(37,)
2014	226	(90,)
2015	130	(88,)
2016	120	(235,)
2017	207	(114,)
2018	20	(275,)
2019	211	(276,)
2020	16	(119,)
2021	22	(67,)
2022	172	(244,)
2023	174	(141,)
2024	301	(193,)
2025	43	(188,)
2027	56	(229,)
2028	207	(127,)
2029	60	(153,)
2030	299	(239,)
2031	151	(105,)
2032	138	(92,)
2033	85	(154,)
2034	115	(75,)
2035	15	(94,)
2036	302	(168,)
2037	250	(101,)
2038	227	(242,)
2039	156	(201,)
2040	36	(8,)
2041	48	(248,)
2042	155	(44,)
2043	235	(60,)
2044	239	(59,)
2045	91	(267,)
2046	124	(17,)
2047	21	(77,)
2048	60	(284,)
2049	135	(119,)
2050	261	(151,)
2051	8	(85,)
2052	181	(108,)
2053	204	(255,)
2054	295	(170,)
2055	196	(60,)
2056	154	(198,)
2058	6	(258,)
2059	200	(13,)
2060	59	(54,)
2061	218	(281,)
2062	9	(123,)
2063	73	(292,)
2064	289	(18,)
2065	123	(84,)
2066	108	(48,)
2067	123	(58,)
2068	294	(67,)
2069	179	(76,)
2070	185	(207,)
2071	157	(47,)
2072	289	(163,)
2073	25	(282,)
2074	59	(237,)
2075	121	(190,)
2076	222	(228,)
2077	107	(67,)
2078	286	(48,)
2079	45	(216,)
2080	250	(41,)
2081	11	(37,)
2082	285	(280,)
2083	245	(81,)
2084	251	(280,)
2085	152	(170,)
2086	5	(305,)
2087	155	(105,)
2088	155	(42,)
2089	192	(76,)
2090	55	(218,)
2091	72	(100,)
2092	211	(219,)
2093	68	(279,)
2094	183	(145,)
2095	298	(288,)
2096	282	(202,)
2097	134	(300,)
2098	189	(111,)
2099	282	(157,)
2100	99	(195,)
2101	160	(99,)
2102	78	(175,)
2103	235	(175,)
2104	294	(37,)
2105	139	(51,)
2106	259	(133,)
2107	198	(156,)
2108	137	(168,)
2109	14	(30,)
2110	112	(241,)
2111	71	(146,)
2112	281	(3,)
2113	113	(167,)
2114	247	(266,)
2115	95	(285,)
2116	164	(47,)
2117	179	(305,)
2118	229	(274,)
2119	32	(154,)
2120	158	(135,)
2121	4	(266,)
2122	115	(136,)
2123	53	(152,)
2124	264	(155,)
2125	238	(96,)
2126	286	(246,)
2127	173	(27,)
2128	30	(22,)
2129	22	(7,)
2130	119	(7,)
2131	217	(15,)
2132	57	(144,)
2133	136	(282,)
2134	90	(123,)
2135	118	(143,)
2136	276	(13,)
2137	132	(94,)
2138	96	(269,)
2139	110	(220,)
2140	248	(196,)
2141	63	(94,)
2142	191	(53,)
2143	193	(83,)
2144	230	(182,)
2145	199	(305,)
2146	7	(268,)
2147	97	(241,)
2148	165	(58,)
2149	14	(210,)
2150	13	(274,)
2151	49	(197,)
2152	25	(199,)
2153	34	(277,)
2154	2	(68,)
2155	260	(100,)
2156	11	(1,)
2157	126	(44,)
2158	218	(76,)
2159	231	(204,)
2160	282	(3,)
2161	86	(14,)
2162	117	(55,)
2163	272	(201,)
2164	100	(225,)
2165	293	(239,)
2166	299	(54,)
2167	125	(75,)
2168	88	(164,)
2169	224	(159,)
2170	155	(113,)
2171	77	(210,)
2172	216	(122,)
2173	59	(14,)
2174	221	(119,)
2175	119	(1,)
2176	275	(135,)
2177	300	(283,)
2178	28	(117,)
2179	152	(279,)
2180	152	(305,)
2181	56	(230,)
2182	246	(201,)
2183	141	(5,)
2184	133	(125,)
2185	109	(168,)
2186	78	(74,)
2187	214	(275,)
2188	67	(228,)
2189	157	(222,)
2190	278	(177,)
2191	154	(131,)
2192	141	(29,)
2194	128	(166,)
2195	126	(135,)
2196	213	(35,)
2197	59	(247,)
2198	38	(85,)
2199	25	(84,)
2200	79	(289,)
2201	50	(138,)
2202	216	(97,)
2203	143	(79,)
2204	117	(172,)
2205	171	(2,)
2206	94	(228,)
2207	27	(7,)
2208	106	(223,)
2209	50	(271,)
2210	194	(250,)
2211	166	(81,)
2212	115	(291,)
2213	246	(41,)
2214	55	(281,)
2215	218	(192,)
2217	269	(41,)
2218	170	(158,)
2219	226	(84,)
2220	235	(31,)
2221	14	(155,)
2222	28	(273,)
2223	12	(119,)
2224	108	(233,)
2225	176	(83,)
2226	272	(32,)
2227	42	(189,)
2228	129	(269,)
2229	253	(186,)
2230	11	(169,)
2231	117	(289,)
2232	223	(217,)
2233	189	(257,)
2234	111	(184,)
2235	149	(38,)
2236	216	(193,)
2237	146	(156,)
2238	91	(52,)
2239	108	(202,)
2240	182	(96,)
2241	58	(166,)
2242	52	(183,)
2243	218	(54,)
2244	240	(286,)
2245	82	(85,)
2246	198	(171,)
2247	234	(121,)
2248	20	(230,)
2249	245	(122,)
2250	42	(87,)
2251	141	(216,)
2252	230	(133,)
2253	146	(86,)
2254	200	(21,)
2255	32	(215,)
2256	169	(66,)
2257	26	(226,)
2258	212	(247,)
2259	219	(266,)
2260	20	(226,)
2261	224	(63,)
2262	69	(124,)
2263	206	(167,)
2264	261	(276,)
2265	94	(305,)
2266	101	(22,)
2267	251	(206,)
2268	76	(39,)
2269	195	(211,)
2270	167	(14,)
2271	147	(179,)
2272	200	(258,)
2273	22	(252,)
2274	26	(105,)
2275	17	(222,)
2276	252	(106,)
2277	121	(105,)
2278	86	(158,)
2279	125	(77,)
2280	28	(300,)
2281	193	(115,)
2282	277	(200,)
2283	211	(282,)
2284	147	(227,)
2285	58	(267,)
2286	199	(12,)
2287	184	(103,)
2288	176	(234,)
2289	187	(261,)
2290	248	(165,)
2291	117	(67,)
2292	266	(217,)
2293	163	(131,)
2294	192	(149,)
2295	10	(164,)
2296	140	(122,)
2297	210	(110,)
2298	134	(181,)
2299	206	(246,)
2300	280	(241,)
2301	45	(204,)
2302	238	(243,)
2303	195	(81,)
2304	129	(54,)
2305	5	(158,)
2306	219	(77,)
2307	86	(159,)
2308	258	(119,)
2309	240	(245,)
2310	113	(280,)
2311	27	(108,)
2312	72	(303,)
2313	283	(258,)
2314	254	(182,)
2315	287	(276,)
2316	144	(269,)
2317	36	(129,)
2318	247	(133,)
2319	65	(64,)
2320	32	(123,)
2322	254	(79,)
2323	157	(285,)
2324	254	(137,)
2325	182	(27,)
2326	152	(296,)
2327	299	(255,)
2328	182	(302,)
2329	106	(248,)
2330	285	(25,)
2331	103	(24,)
2332	195	(206,)
2333	69	(187,)
2334	279	(44,)
2335	175	(280,)
2336	63	(84,)
2337	196	(1,)
2339	41	(256,)
2340	196	(69,)
2341	214	(117,)
2342	179	(44,)
2343	25	(54,)
2344	203	(235,)
2345	125	(2,)
2346	32	(32,)
2347	44	(48,)
2348	219	(279,)
2349	2	(177,)
2350	193	(55,)
2351	3	(220,)
2352	35	(253,)
2353	121	(305,)
2354	120	(248,)
2355	225	(258,)
2356	151	(302,)
2357	115	(116,)
2358	125	(101,)
2359	109	(36,)
2360	121	(186,)
2361	55	(203,)
2362	20	(194,)
2363	148	(236,)
2364	105	(146,)
2365	95	(287,)
2366	7	(72,)
2367	133	(113,)
2368	31	(108,)
2369	231	(104,)
2370	59	(24,)
2371	149	(276,)
2372	2	(21,)
2373	279	(135,)
2374	176	(263,)
2375	278	(19,)
2376	294	(72,)
2377	170	(121,)
2378	267	(97,)
2379	256	(168,)
2380	283	(79,)
2381	117	(156,)
2382	5	(203,)
2383	28	(203,)
2384	292	(10,)
2385	225	(274,)
2387	18	(283,)
2388	106	(267,)
2389	226	(301,)
2390	239	(222,)
2391	76	(247,)
2392	224	(283,)
2393	117	(36,)
2394	150	(87,)
2395	287	(233,)
2396	211	(264,)
2397	202	(161,)
2398	207	(223,)
2399	135	(81,)
2400	118	(47,)
2401	65	(240,)
2402	229	(212,)
2403	79	(163,)
2404	172	(2,)
2405	125	(230,)
2406	73	(264,)
2408	269	(2,)
2409	138	(12,)
2410	165	(216,)
2411	77	(46,)
2412	141	(247,)
2413	189	(264,)
2414	63	(169,)
2415	251	(194,)
2416	235	(126,)
2418	56	(280,)
2419	213	(51,)
2420	102	(73,)
2421	117	(115,)
2422	100	(89,)
2423	32	(178,)
2424	280	(70,)
2425	14	(25,)
2427	54	(124,)
2428	141	(180,)
2429	95	(80,)
2430	147	(118,)
2431	32	(168,)
2432	85	(145,)
2433	8	(20,)
2434	100	(35,)
2435	76	(143,)
2436	169	(131,)
2438	75	(251,)
2440	237	(56,)
2441	225	(93,)
2442	302	(173,)
2443	198	(304,)
2444	46	(81,)
2445	263	(88,)
2446	201	(247,)
2447	59	(305,)
2448	6	(99,)
2449	136	(260,)
2450	161	(205,)
2451	79	(26,)
2452	229	(46,)
2453	117	(150,)
2454	197	(110,)
2455	158	(134,)
2456	79	(102,)
2457	187	(300,)
2458	142	(221,)
2459	225	(49,)
2460	270	(279,)
2461	146	(183,)
2462	201	(24,)
2464	209	(123,)
2465	85	(91,)
2466	5	(200,)
2467	215	(156,)
2468	4	(8,)
2469	277	(74,)
2470	2	(147,)
2471	214	(274,)
2472	55	(121,)
2473	299	(168,)
2474	163	(282,)
2475	181	(248,)
2476	162	(143,)
2477	216	(172,)
2478	139	(255,)
2479	83	(269,)
2480	284	(144,)
2481	153	(248,)
2482	39	(254,)
2483	69	(149,)
2484	289	(89,)
2485	299	(281,)
2486	242	(175,)
2487	65	(251,)
2488	257	(190,)
2489	183	(135,)
2490	39	(40,)
2491	153	(158,)
2492	286	(113,)
2493	15	(106,)
2494	32	(286,)
2495	39	(12,)
2496	203	(256,)
2497	105	(279,)
2498	90	(233,)
2499	258	(224,)
2500	78	(169,)
2501	247	(200,)
2502	151	(80,)
2503	168	(278,)
2504	144	(136,)
2505	276	(9,)
2506	44	(209,)
2507	206	(117,)
2508	80	(212,)
2509	53	(176,)
2510	22	(173,)
2511	171	(40,)
2512	221	(82,)
2513	54	(199,)
2514	146	(52,)
2515	297	(243,)
2516	67	(138,)
2517	35	(184,)
2518	156	(67,)
2519	266	(186,)
2520	202	(290,)
2521	64	(126,)
2522	275	(241,)
2523	185	(209,)
2524	236	(257,)
2525	103	(33,)
2526	238	(207,)
2527	272	(116,)
2528	236	(72,)
2529	101	(182,)
2530	265	(87,)
2531	204	(25,)
2532	234	(87,)
2533	262	(138,)
2534	137	(171,)
2535	214	(286,)
2536	273	(260,)
2537	194	(155,)
2538	189	(42,)
2540	155	(85,)
2541	39	(85,)
2542	139	(128,)
2543	172	(174,)
2544	103	(293,)
2545	219	(136,)
2546	266	(123,)
2547	131	(114,)
2548	25	(76,)
2549	227	(99,)
2550	205	(264,)
2551	42	(174,)
2552	215	(191,)
2553	193	(151,)
2554	277	(82,)
2555	275	(250,)
2556	174	(287,)
2557	272	(190,)
2558	1	(61,)
2559	238	(280,)
2560	132	(56,)
2561	219	(146,)
2562	120	(209,)
2563	262	(209,)
2564	299	(12,)
2565	224	(18,)
2566	163	(201,)
2567	37	(237,)
2568	19	(269,)
2569	147	(222,)
2570	244	(126,)
2572	56	(220,)
2573	105	(145,)
2574	53	(268,)
2575	163	(74,)
2576	19	(280,)
2577	276	(245,)
2578	158	(116,)
2579	240	(73,)
2580	75	(260,)
2581	292	(114,)
2582	293	(261,)
2583	297	(296,)
2584	105	(178,)
2585	249	(120,)
2586	298	(153,)
2587	138	(236,)
2588	69	(215,)
2589	248	(112,)
2590	71	(30,)
2591	266	(34,)
2592	292	(282,)
2593	210	(284,)
2594	123	(62,)
2595	4	(219,)
2596	287	(250,)
2597	35	(40,)
2598	97	(227,)
2599	192	(30,)
2600	202	(197,)
2601	109	(21,)
2602	196	(32,)
2603	227	(297,)
2604	52	(25,)
2606	24	(256,)
2607	185	(289,)
2608	124	(232,)
2609	190	(160,)
2610	153	(282,)
2611	260	(118,)
2612	201	(9,)
2613	272	(200,)
2614	49	(208,)
2615	142	(76,)
2617	70	(107,)
2618	231	(305,)
2619	290	(106,)
2620	237	(128,)
2621	201	(149,)
2622	258	(107,)
2623	187	(128,)
2624	139	(52,)
2625	108	(285,)
2626	190	(244,)
2627	51	(107,)
2628	277	(203,)
2629	147	(142,)
2630	74	(29,)
2631	85	(294,)
2633	209	(207,)
2634	70	(137,)
2636	66	(78,)
2637	146	(268,)
2638	3	(226,)
2639	168	(179,)
2640	134	(189,)
2641	103	(131,)
2642	94	(188,)
2643	185	(45,)
2644	260	(166,)
2645	252	(70,)
2646	202	(105,)
2647	4	(91,)
2649	160	(144,)
2650	121	(224,)
2651	221	(89,)
2652	133	(117,)
2653	175	(122,)
2654	274	(266,)
2655	245	(78,)
2656	253	(27,)
2657	105	(181,)
2658	192	(269,)
2659	19	(47,)
2660	273	(61,)
2661	148	(120,)
2662	285	(135,)
2663	245	(159,)
2664	62	(159,)
2665	26	(62,)
2666	158	(210,)
2667	239	(25,)
2668	246	(163,)
2669	189	(192,)
2670	246	(277,)
2671	166	(260,)
2672	276	(27,)
2673	266	(48,)
2674	28	(115,)
2675	248	(9,)
2676	140	(160,)
2677	180	(298,)
2678	77	(6,)
2679	168	(83,)
2680	57	(95,)
2681	160	(67,)
2682	216	(297,)
2683	122	(189,)
2685	110	(214,)
2686	234	(234,)
2687	280	(50,)
2688	298	(190,)
2689	204	(62,)
2690	197	(131,)
2691	34	(155,)
2692	295	(80,)
2693	208	(69,)
2694	282	(282,)
2695	101	(242,)
2696	255	(176,)
2697	40	(106,)
2698	237	(40,)
2699	248	(55,)
2700	220	(162,)
2701	144	(181,)
2702	53	(58,)
2703	129	(104,)
2704	261	(33,)
2705	176	(253,)
2706	122	(282,)
2707	148	(112,)
2708	225	(107,)
2709	69	(14,)
2710	238	(94,)
2711	48	(120,)
2712	56	(160,)
2713	209	(297,)
2714	275	(177,)
2715	210	(113,)
2716	194	(166,)
2717	138	(277,)
2718	239	(269,)
2719	279	(71,)
2720	272	(128,)
2721	74	(35,)
2722	121	(258,)
2724	216	(40,)
2725	35	(17,)
2726	212	(95,)
2727	241	(217,)
2728	21	(251,)
2729	239	(298,)
2730	196	(224,)
2731	204	(238,)
2732	135	(74,)
2733	152	(284,)
2734	161	(101,)
2735	115	(110,)
2736	122	(111,)
2737	168	(100,)
2738	253	(267,)
2739	109	(139,)
2740	122	(67,)
2741	57	(276,)
2742	52	(67,)
2743	255	(52,)
2744	198	(83,)
2745	265	(255,)
2746	104	(104,)
2747	112	(286,)
2748	292	(168,)
2749	13	(30,)
2750	12	(14,)
2751	65	(49,)
2752	129	(291,)
2753	225	(160,)
2754	236	(177,)
2755	131	(109,)
2756	83	(10,)
2757	142	(84,)
2758	141	(32,)
2759	257	(36,)
2760	76	(272,)
2761	213	(224,)
2762	97	(275,)
2763	210	(21,)
2764	219	(84,)
2765	123	(50,)
2766	206	(252,)
2767	210	(154,)
2768	262	(86,)
2769	110	(19,)
2770	130	(91,)
2771	284	(35,)
2772	253	(152,)
2773	111	(238,)
2774	246	(214,)
2775	9	(189,)
2776	137	(251,)
2777	127	(40,)
2778	199	(38,)
2779	58	(23,)
2780	96	(218,)
2781	21	(283,)
2782	159	(279,)
2783	75	(82,)
2784	5	(254,)
2785	30	(126,)
2786	146	(7,)
2787	67	(169,)
2788	7	(56,)
2789	59	(72,)
2790	205	(28,)
2791	164	(103,)
2792	128	(272,)
2793	55	(292,)
2794	27	(56,)
2795	19	(162,)
2796	161	(142,)
2797	258	(58,)
2798	221	(33,)
2799	32	(80,)
2800	122	(183,)
2801	136	(143,)
2802	300	(278,)
2803	194	(131,)
2804	244	(212,)
2805	181	(265,)
2806	291	(11,)
2807	237	(121,)
2808	282	(87,)
2809	253	(51,)
2810	192	(83,)
2811	252	(31,)
2812	125	(85,)
2813	92	(133,)
2814	53	(290,)
2815	49	(48,)
2816	188	(33,)
2817	185	(184,)
2818	68	(68,)
2819	66	(195,)
2820	210	(293,)
2821	219	(194,)
2822	255	(156,)
2823	95	(245,)
2824	235	(58,)
2825	237	(4,)
2826	42	(205,)
2827	184	(250,)
2828	30	(300,)
2829	13	(50,)
2831	92	(249,)
2832	44	(178,)
2833	83	(169,)
2834	149	(186,)
2835	98	(91,)
2836	207	(67,)
2837	79	(184,)
2838	228	(282,)
2839	156	(252,)
2840	250	(219,)
2841	208	(258,)
2842	213	(298,)
2843	165	(26,)
2844	120	(269,)
2845	84	(32,)
2846	290	(114,)
2847	243	(177,)
2848	225	(283,)
2849	39	(108,)
2850	74	(170,)
2851	106	(61,)
2852	241	(1,)
2853	129	(218,)
2854	270	(187,)
2855	94	(50,)
2856	269	(81,)
2857	301	(253,)
2858	134	(14,)
2859	211	(249,)
2860	99	(247,)
2861	294	(45,)
2862	153	(259,)
2863	143	(142,)
2864	174	(16,)
2865	290	(68,)
2866	155	(16,)
2867	286	(282,)
2868	243	(167,)
2869	175	(156,)
2871	129	(181,)
2872	241	(102,)
2873	141	(13,)
2874	297	(178,)
2875	273	(136,)
2876	38	(166,)
2877	49	(100,)
2878	146	(279,)
2879	118	(241,)
2880	286	(216,)
2881	103	(37,)
2882	182	(25,)
2883	263	(95,)
2884	12	(235,)
2885	193	(52,)
2886	101	(39,)
2887	124	(275,)
2888	193	(196,)
2889	3	(165,)
2890	250	(275,)
2891	119	(49,)
2892	281	(141,)
2893	136	(66,)
2894	290	(245,)
2895	163	(24,)
2896	137	(102,)
2897	139	(231,)
2898	78	(35,)
2899	40	(11,)
2900	191	(48,)
2901	229	(206,)
2902	134	(277,)
2903	11	(295,)
2904	180	(55,)
2905	97	(146,)
2906	232	(148,)
2907	290	(29,)
2908	280	(304,)
2909	260	(124,)
2910	251	(120,)
2911	171	(253,)
2912	112	(59,)
2913	238	(296,)
2914	202	(224,)
2915	134	(103,)
2916	152	(188,)
2917	294	(237,)
2918	29	(143,)
2919	238	(190,)
2920	149	(78,)
2921	261	(292,)
2922	14	(51,)
2923	20	(255,)
2924	162	(241,)
2925	224	(163,)
2926	257	(253,)
2927	239	(263,)
2928	57	(143,)
2929	259	(152,)
2930	80	(235,)
2931	99	(183,)
2932	302	(53,)
2933	246	(30,)
2934	143	(208,)
2935	261	(49,)
2936	194	(290,)
2937	300	(111,)
2938	71	(130,)
2939	174	(228,)
2940	39	(183,)
2941	15	(257,)
2942	12	(3,)
2943	229	(304,)
2944	45	(214,)
2945	214	(3,)
2946	159	(91,)
2947	108	(101,)
2948	131	(200,)
2949	210	(96,)
2950	205	(230,)
2951	149	(106,)
2952	110	(268,)
2953	244	(131,)
2954	251	(305,)
2955	187	(90,)
2956	222	(101,)
2957	68	(76,)
2958	44	(120,)
2959	78	(288,)
2960	207	(44,)
2961	21	(280,)
2962	42	(42,)
2963	79	(6,)
2964	232	(167,)
2965	76	(5,)
2966	5	(95,)
2967	185	(236,)
2968	183	(17,)
2969	246	(47,)
2970	175	(272,)
2971	107	(8,)
2972	57	(295,)
2973	149	(105,)
2974	70	(249,)
2975	130	(144,)
2976	212	(224,)
2977	253	(130,)
2978	62	(274,)
2979	76	(160,)
2980	186	(26,)
2981	247	(237,)
2982	262	(274,)
2983	158	(252,)
2984	74	(139,)
2985	125	(169,)
2986	110	(9,)
2988	140	(100,)
2989	225	(91,)
2990	30	(217,)
2991	105	(199,)
2992	250	(205,)
2994	215	(67,)
2995	212	(299,)
2996	85	(292,)
2997	228	(194,)
2998	13	(53,)
2999	136	(281,)
